{
 "cells": [
  {
   "cell_type": "code",
   "execution_count": 2,
   "id": "19a2b5ba",
   "metadata": {},
   "outputs": [],
   "source": [
    "import numpy as np\n",
    "import pandas as pd\n",
    "import matplotlib.pyplot as plt"
   ]
  },
  {
   "cell_type": "code",
   "execution_count": 8,
   "id": "e4f19459",
   "metadata": {},
   "outputs": [
    {
     "data": {
      "text/plain": [
       "['result\\\\house_33\\\\ComputerMonitor\\\\DAE\\\\results_median.npy',\n",
       " 'result\\\\house_33\\\\ComputerMonitor\\\\S2P\\\\results_median.npy',\n",
       " 'result\\\\house_33\\\\ComputerMonitor\\\\S2S\\\\results_median.npy',\n",
       " 'result\\\\house_33\\\\ComputerMonitor\\\\VAE\\\\results_median.npy',\n",
       " 'result\\\\house_33\\\\Dishwasher\\\\DAE\\\\results_median.npy',\n",
       " 'result\\\\house_33\\\\Dishwasher\\\\S2P\\\\results_median.npy',\n",
       " 'result\\\\house_33\\\\Dishwasher\\\\S2S\\\\results_median.npy',\n",
       " 'result\\\\house_33\\\\Dishwasher\\\\VAE\\\\results_median.npy',\n",
       " 'result\\\\house_33\\\\FridgeFreezer\\\\DAE\\\\results_median.npy',\n",
       " 'result\\\\house_33\\\\FridgeFreezer\\\\S2P\\\\results_median.npy',\n",
       " 'result\\\\house_33\\\\FridgeFreezer\\\\S2S\\\\results_median.npy',\n",
       " 'result\\\\house_33\\\\FridgeFreezer\\\\VAE\\\\results_median.npy',\n",
       " 'result\\\\house_33\\\\Microwave\\\\DAE\\\\results_median.npy',\n",
       " 'result\\\\house_33\\\\Microwave\\\\S2P\\\\results_median.npy',\n",
       " 'result\\\\house_33\\\\Microwave\\\\S2S\\\\results_median.npy',\n",
       " 'result\\\\house_33\\\\Microwave\\\\VAE\\\\results_median.npy',\n",
       " 'result\\\\house_33\\\\television\\\\DAE\\\\results_median.npy',\n",
       " 'result\\\\house_33\\\\television\\\\S2P\\\\results_median.npy',\n",
       " 'result\\\\house_33\\\\television\\\\S2S\\\\results_median.npy',\n",
       " 'result\\\\house_33\\\\television\\\\VAE\\\\results_median.npy',\n",
       " 'result\\\\house_33\\\\toaster\\\\DAE\\\\results_median.npy',\n",
       " 'result\\\\house_33\\\\toaster\\\\S2P\\\\results_median.npy',\n",
       " 'result\\\\house_33\\\\toaster\\\\S2S\\\\results_median.npy',\n",
       " 'result\\\\house_33\\\\toaster\\\\VAE\\\\results_median.npy']"
      ]
     },
     "execution_count": 8,
     "metadata": {},
     "output_type": "execute_result"
    }
   ],
   "source": [
    "import glob\n",
    "files = glob.glob('result\\house_33\\*\\*\\\\results_median.npy')\n",
    "files"
   ]
  },
  {
   "cell_type": "code",
   "execution_count": 9,
   "id": "d415195a",
   "metadata": {},
   "outputs": [
    {
     "name": "stdout",
     "output_type": "stream",
     "text": [
      "result\\house_33\\ComputerMonitor\\DAE\\results_median.npy : 0.9655131282089018\n",
      "result\\house_33\\ComputerMonitor\\S2P\\results_median.npy : 0.9910357581928397\n",
      "result\\house_33\\ComputerMonitor\\S2S\\results_median.npy : 0.9992432433741596\n",
      "result\\house_33\\ComputerMonitor\\VAE\\results_median.npy : 0.9999283710841675\n",
      "result\\house_33\\Dishwasher\\DAE\\results_median.npy : 0.9478578045402876\n",
      "result\\house_33\\Dishwasher\\S2P\\results_median.npy : 0.9636691183363681\n",
      "result\\house_33\\Dishwasher\\S2S\\results_median.npy : 0.7225928772893454\n",
      "result\\house_33\\Dishwasher\\VAE\\results_median.npy : 0.9550859189891543\n",
      "result\\house_33\\FridgeFreezer\\DAE\\results_median.npy : 0.9774686152228955\n",
      "result\\house_33\\FridgeFreezer\\S2P\\results_median.npy : 0.996338705370914\n",
      "result\\house_33\\FridgeFreezer\\S2S\\results_median.npy : 0.9770700575902116\n",
      "result\\house_33\\FridgeFreezer\\VAE\\results_median.npy : 0.9992199199285774\n",
      "result\\house_33\\Microwave\\DAE\\results_median.npy : 0.9633155796095905\n",
      "result\\house_33\\Microwave\\S2P\\results_median.npy : 0.6534712242052485\n",
      "result\\house_33\\Microwave\\S2S\\results_median.npy : 0.9747037684213834\n",
      "result\\house_33\\Microwave\\VAE\\results_median.npy : 0.9661754525231411\n",
      "result\\house_33\\television\\DAE\\results_median.npy : 0.7936349689087966\n",
      "result\\house_33\\television\\S2P\\results_median.npy : 0.9019430163070489\n",
      "result\\house_33\\television\\S2S\\results_median.npy : 0.8663936537261427\n",
      "result\\house_33\\television\\VAE\\results_median.npy : 0.9029372031216878\n",
      "result\\house_33\\toaster\\DAE\\results_median.npy : 0.6599085473313198\n",
      "result\\house_33\\toaster\\S2P\\results_median.npy : 0.9492080485671104\n",
      "result\\house_33\\toaster\\S2S\\results_median.npy : 0.9828529038542155\n",
      "result\\house_33\\toaster\\VAE\\results_median.npy : 0.9995352535616849\n",
      "[0.9999283710841675, 0.9655131282089018, 0.9992432433741596, 0.9910357581928397]\n",
      "[0.9992199199285774, 0.9774686152228955, 0.9770700575902116, 0.996338705370914]\n",
      "[0.9029372031216878, 0.7936349689087966, 0.8663936537261427, 0.9019430163070489]\n",
      "[0.9995352535616849, 0.6599085473313198, 0.9828529038542155, 0.9492080485671104]\n",
      "[0.9661754525231411, 0.9633155796095905, 0.9747037684213834, 0.6534712242052485]\n",
      "[0.9550859189891543, 0.9478578045402876, 0.7225928772893454, 0.9636691183363681]\n"
     ]
    }
   ],
   "source": [
    "CMRatio = [0,0,0,0]\n",
    "DWRatio = [0,0,0,0]\n",
    "FridgeFreezerRatio = [0,0,0,0]\n",
    "MicrowaveRatio = [0,0,0,0]\n",
    "televisionRatio = [0,0,0,0]\n",
    "toasterRatio = [0,0,0,0]\n",
    "for file in files:\n",
    "    test=np.load(file, encoding = \"latin1\",allow_pickle=True) #加载文件\n",
    "    explainRatio = max(test[1])\n",
    "    if(\"ComputerMonitor\" in file):\n",
    "        if(\"VAE\" in file):\n",
    "            CMRatio[0]=explainRatio\n",
    "        if(\"DAE\" in file):\n",
    "            CMRatio[1]=explainRatio\n",
    "        if(\"S2S\" in file):\n",
    "            CMRatio[2]=explainRatio\n",
    "        if(\"S2P\" in file):\n",
    "            CMRatio[3]=explainRatio\n",
    "    if(\"Dishwasher\" in file):\n",
    "        if(\"VAE\" in file):\n",
    "            DWRatio[0]=explainRatio\n",
    "        if(\"DAE\" in file):\n",
    "            DWRatio[1]=explainRatio\n",
    "        if(\"S2S\" in file):\n",
    "            DWRatio[2]=explainRatio\n",
    "        if(\"S2P\" in file):\n",
    "            DWRatio[3]=explainRatio\n",
    "    if(\"FridgeFreezer\" in file):\n",
    "        if(\"VAE\" in file):\n",
    "            FridgeFreezerRatio[0]=explainRatio\n",
    "        if(\"DAE\" in file):\n",
    "            FridgeFreezerRatio[1]=explainRatio\n",
    "        if(\"S2S\" in file):\n",
    "            FridgeFreezerRatio[2]=explainRatio\n",
    "        if(\"S2P\" in file):\n",
    "            FridgeFreezerRatio[3]=explainRatio\n",
    "    if(\"Microwave\" in file):\n",
    "        if(\"VAE\" in file):\n",
    "            MicrowaveRatio[0]=explainRatio\n",
    "        if(\"DAE\" in file):\n",
    "            MicrowaveRatio[1]=explainRatio\n",
    "        if(\"S2S\" in file):\n",
    "            MicrowaveRatio[2]=explainRatio\n",
    "        if(\"S2P\" in file):\n",
    "            MicrowaveRatio[3]=explainRatio\n",
    "    if(\"television\" in file):\n",
    "        if(\"VAE\" in file):\n",
    "            televisionRatio[0]=explainRatio\n",
    "        if(\"DAE\" in file):\n",
    "            televisionRatio[1]=explainRatio\n",
    "        if(\"S2S\" in file):\n",
    "            televisionRatio[2]=explainRatio\n",
    "        if(\"S2P\" in file):\n",
    "            televisionRatio[3]=explainRatio\n",
    "    if(\"toaster\" in file):\n",
    "        if(\"VAE\" in file):\n",
    "            toasterRatio[0]=explainRatio\n",
    "        if(\"DAE\" in file):\n",
    "            toasterRatio[1]=explainRatio\n",
    "        if(\"S2S\" in file):\n",
    "            toasterRatio[2]=explainRatio\n",
    "        if(\"S2P\" in file):\n",
    "            toasterRatio[3]=explainRatio\n",
    "    print(file,':',explainRatio)\n",
    "\n",
    "print(CMRatio)\n",
    "print(FridgeFreezerRatio)\n",
    "print(televisionRatio)\n",
    "print(toasterRatio)\n",
    "print(MicrowaveRatio)\n",
    "print(DWRatio)"
   ]
  },
  {
   "cell_type": "code",
   "execution_count": 10,
   "id": "16a77d92",
   "metadata": {},
   "outputs": [
    {
     "name": "stdout",
     "output_type": "stream",
     "text": [
      "[0.9999283710841675, 0.9655131282089018, 0.9992432433741596, 0.9910357581928397]\n",
      "[0.9550859189891543, 0.9478578045402876, 0.7225928772893454, 0.9636691183363681]\n",
      "[0.9992199199285774, 0.9774686152228955, 0.9770700575902116, 0.996338705370914]\n",
      "[0.9661754525231411, 0.9633155796095905, 0.9747037684213834, 0.6534712242052485]\n",
      "[0.9029372031216878, 0.7936349689087966, 0.8663936537261427, 0.9019430163070489]\n",
      "[0.9995352535616849, 0.6599085473313198, 0.9828529038542155, 0.9492080485671104]\n"
     ]
    }
   ],
   "source": [
    "import matplotlib.pyplot as plt\n",
    "import numpy as np\n",
    "import seaborn as sns\n",
    "\n",
    "def Draw_Parallel_bar(features,L1,L2,L3,L4,L5,L6):\n",
    "    features=features\n",
    "    RA=L1;SS=L2;SLE=L3;Arthritis=L4;\n",
    "    plt.figure(figsize=(7,4))\n",
    "    bar_width = 0.1\n",
    "    index_RA = np.arange(len(features))\n",
    "    index_SS = index_RA + bar_width\n",
    "    index_SLE = index_SS + bar_width\n",
    "    index_Arthritis = index_SLE + bar_width\n",
    "    index_L5 = index_Arthritis + bar_width\n",
    "    index_L6 = index_L5 + bar_width\n",
    "\n",
    "    font = {'family': 'Times New Roman',\n",
    "            'size': 12,\n",
    "            }\n",
    "    sns.set(font_scale=1.2)\n",
    "    plt.rc('font',family='Times New Roman')\n",
    "\n",
    "    plt.bar(index_RA, height=RA, width=bar_width, color='peru', label='computerMonitor')\n",
    "    plt.bar(index_SS, height=SS, width=bar_width, color='g', label='Dishwasher')\n",
    "    plt.bar(index_SLE, height=SLE, width=bar_width, color='y', label='Freezer')\n",
    "    plt.bar(index_Arthritis, height=Arthritis, width=bar_width, color='c', label='Microwave')\n",
    "    plt.bar(index_L5, height=L5, width=bar_width, color='red', label='television')\n",
    "    plt.bar(index_L6, height=L6, width=bar_width, color='grey', label='toaster')\n",
    "\n",
    "    plt.legend(fontsize = 12,bbox_to_anchor=(1.0,0),loc=3)  # 显示图例\n",
    "    plt.xticks(index_RA + 10*bar_width/5, features,fontsize = 10)\n",
    "    plt.xlabel('Building--house3',fontsize = 14)\n",
    "    plt.ylabel('Total energy explaned',fontsize = 14)\n",
    "    \n",
    "    plt.savefig('house3',bbox_inches = 'tight')\n",
    "    plt.show()\n",
    "    \n",
    "\n",
    "if __name__==\"__main__\":\n",
    "    print(CMRatio)\n",
    "    print(DWRatio)\n",
    "    print(FridgeFreezerRatio)\n",
    "    print(MicrowaveRatio)\n",
    "    print(televisionRatio)\n",
    "    print(toasterRatio)\n",
    "    #Draw_Parallel_bar(('VAE', 'DAE', 'S2S', 'S2P'),\n",
    "    #                  CMRatio,DWRatio,FridgeFreezerRatio,MicrowaveRatio,televisionRatio,toasterRatio)\n",
    "    \n"
   ]
  },
  {
   "cell_type": "code",
   "execution_count": 11,
   "id": "546ab119",
   "metadata": {},
   "outputs": [
    {
     "name": "stdout",
     "output_type": "stream",
     "text": [
      "0 : 0 : exp3-house3\n",
      "0 : 1 : VAE\n",
      "0 : 2 : DAE\n",
      "0 : 3 : S2S\n",
      "0 : 4 : S2P\n",
      "1 : 0 : computerMonitor\n",
      "1 : 1 : 0.9999283710841675\n",
      "1 : 2 : 0.9655131282089018\n",
      "1 : 3 : 0.9992432433741596\n",
      "1 : 4 : 0.9910357581928397\n",
      "2 : 0 : Dishwasher\n",
      "2 : 1 : 0.9550859189891543\n",
      "2 : 2 : 0.9478578045402876\n",
      "2 : 3 : 0.7225928772893454\n",
      "2 : 4 : 0.9636691183363681\n",
      "3 : 0 : FridgeFreezer\n",
      "3 : 1 : 0.9992199199285774\n",
      "3 : 2 : 0.9774686152228955\n",
      "3 : 3 : 0.9770700575902116\n",
      "3 : 4 : 0.996338705370914\n",
      "4 : 0 : Microwave\n",
      "4 : 1 : 0.9661754525231411\n",
      "4 : 2 : 0.9633155796095905\n",
      "4 : 3 : 0.9747037684213834\n",
      "4 : 4 : 0.6534712242052485\n",
      "5 : 0 : television\n",
      "5 : 1 : 0.9029372031216878\n",
      "5 : 2 : 0.7936349689087966\n",
      "5 : 3 : 0.8663936537261427\n",
      "5 : 4 : 0.9019430163070489\n",
      "6 : 0 : toaster\n",
      "6 : 1 : 0.9995352535616849\n",
      "6 : 2 : 0.6599085473313198\n",
      "6 : 3 : 0.9828529038542155\n",
      "6 : 4 : 0.9492080485671104\n"
     ]
    }
   ],
   "source": [
    "import xlwt\n",
    "import types\n",
    "import os\n",
    "workbook = xlwt.Workbook(encoding='utf-8')\n",
    "data_sheet = workbook.add_sheet('demo')\n",
    "index = 0\n",
    "\n",
    "\n",
    "CMRatio.insert(0,'computerMonitor')\n",
    "DWRatio.insert(0,'Dishwasher')\n",
    "FridgeFreezerRatio.insert(0,'FridgeFreezer')\n",
    "MicrowaveRatio.insert(0,'Microwave')\n",
    "televisionRatio.insert(0,'television')\n",
    "toasterRatio.insert(0,'toaster')\n",
    "excel_data=[\n",
    "    ['exp3-house3','VAE', 'DAE', 'S2S', 'S2P'],\n",
    "    CMRatio,\n",
    "    DWRatio,\n",
    "    FridgeFreezerRatio,\n",
    "    MicrowaveRatio,\n",
    "    televisionRatio,\n",
    "    toasterRatio\n",
    "]\n",
    "for i in excel_data:\n",
    "    for x,item in enumerate(i):\n",
    "        data_sheet.write(index,x,item)\n",
    "        print(index,\":\",x,\":\",item)\n",
    "    index+=1\n",
    "workbook.save('demo3.xls')\n",
    "\n",
    "#print(excel_data)"
   ]
  },
  {
   "cell_type": "code",
   "execution_count": null,
   "id": "7f2b051d",
   "metadata": {},
   "outputs": [],
   "source": []
  }
 ],
 "metadata": {
  "kernelspec": {
   "display_name": "Python 3 (ipykernel)",
   "language": "python",
   "name": "python3"
  },
  "language_info": {
   "codemirror_mode": {
    "name": "ipython",
    "version": 3
   },
   "file_extension": ".py",
   "mimetype": "text/x-python",
   "name": "python",
   "nbconvert_exporter": "python",
   "pygments_lexer": "ipython3",
   "version": "3.9.7"
  }
 },
 "nbformat": 4,
 "nbformat_minor": 5
}
